27626037
400379412
163917744
480834424
49412221
112009736
215063556
15067374
36114239
80665887
70044744
80188544
64036870
76220053
72157645
61201855
50516433
36794688
42984135
515680834
194997438
15838316
36352233
71663109
197173396
39332950
241644265
593830752
151967748
149563696
265039819
201519238
461088097
28940936
160554138
266076249
183749610
206450799
469296339
82341234
205045075
69194186
113978723
17192301
319713609
248444405
60317788
60422211
56771148
169681942
78689049
71930348
584284278
191412829
50721130
99819811
180593285
431854480
115161392
132696174
74365140
47224389
77843731
26402512
44504856
111176551
198360119
154961023
332539964
50454377
134549602
301834048
29289993
70894412
86071225
292024168
276244517
231493640
331724955
168520768
126720943
118798801
180484426
12684142
18060625
118479805
117154843
473747134
775044072
511285256
533345120
14624599
59636999
401021076
395023131
299135701
154576000
453808414
87940589
37362989
190810748
270609606
45671951
223583554
115766444
165539833
208668939
280156605
106248121
39263474
27659531
76629087
69472093
52286328
61015053
25351932
217792754
79054106
201829658
72394430
22430152
68312814
42214875
76951398
97922898
42311142
195911292
57505660
54005026
176284462
196218601
352915042
73016565
56541265
62900123
40297536
35732684
102840495
68006428
100831573
181232870
34367359
85671553
177204945
544168948
53658070
39116717
178909904
197239470
15520264
125379240
20457592
158524023
46808277
65544939
81210137
185656061
99539425
111963152
32962513
278219386
42281235
47206609
418811611
338032326
33742619
92052889
54365177
66535558
60462720
55067794
61082539
147336652
131345017
77287273
29118636
143291559
68462676
582507519
71018251
46967017
365220863
300537087
61999003
112541984
51590854
261821782
19634711
122839356
77464096
70302103
127100590
64529210
70009834
259369296
339998504
533173066
240908365
56430064
78522157
59292851
388519685
108833316
516174064
52557936
140919216
337866792
216450538
80366717
57372299
393699264
489819758
351162972
220331576
62085388
28996771
55371044
118431669
61679173
34362958
48818242
124195540
88936466
66486465
78044681
152711347
103073683
110473532
56364463
38357090
24068399
309233053
211041038
22420870
202785147
282600482
226696308
133437225
279696985
92276137
73501245
56677428
865440528
347359304
295426453
112050461
63032040
62610612
50866932
357002217
197953193
85084314
117202922
63836804
92258451
270568725
133872910
79865432
260364712
186152013
450298329
31426173
104815921
14189393
79519961
284253714
70996466
58316468
59912513
49166598
51301828
219124486
50155549
471579655
55993396
75025920
39533038
55554142
41122215
70831581
62816597
61937306
35880816
62349961
192068145
120283030
62154566
246363046
47179811
178910641
294287474
73669884
80466369
74626513
185161271
60171433
85936723
58635332
375834360
43864836
159297997
70383146
38994020
46516120
81497497
67068811
104951873
272526628
462975038
393186812
105640161
